856.639 
398.503 
302.52 
830.79 
889.04 
507.145 
730.701 
921.511 
1503.47 
1359.63 
2851.23 
4919.71 
38087.6 
58578.3 
4454.91 
1702.13 
686.4 
225.14 
502.392 
264.549 
367.167 
17.7796 
115.145 
32.3847 
51.8417 
70.115 
37.8323 
35.5963 
1.49704 
6.54125 
48.8993 
118.87 
154.61 
88.1594 
9.00847 
197.841 
71.49 
25.2386 
81.0797 
15.5682 
18996.2 
75.3161 
28.6571 
119.512 
309.574 
212.392 
405.759 
903.423 
2265.15 
6280.15 
138350 
18608.4 
2976.64 
1772.89 
774.053 
1144.57 
747.934 
549.811 
206.391 
509.965 
289.905 
249.558 
323.951 
279.77 
11.7606 
279.77 
323.951 
249.558 
289.905 
509.965 
206.391 
549.811 
747.934 
1144.57 
774.053 
1772.89 
2976.64 
18608.4 
138350 
6280.15 
2265.15 
903.423 
405.759 
212.392 
309.574 
119.512 
28.6571 
75.3161 
18996.2 
15.5682 
81.0797 
25.2386 
71.49 
197.841 
9.00847 
88.1594 
154.61 
118.87 
48.8993 
6.54125 
1.49704 
35.5963 
37.8323 
70.115 
51.8417 
32.3847 
115.145 
17.7796 
367.167 
264.549 
502.392 
225.14 
686.4 
1702.13 
4454.91 
58578.3 
38087.6 
4919.71 
2851.23 
1359.63 
1503.47 
921.511 
730.701 
507.145 
889.04 
830.79 
302.52 
398.503 
