0.0643301 
0.722235 
48.5493 
18.2057 
31.0676 
4.32365 
57.698 
51.8131 
32.8803 
15.9601 
24.0244 
247.866 
1157.78 
1433.73 
99.7328 
20.3004 
54.2624 
60.389 
469.748 
32115.8 
816.781 
274.733 
352.226 
87.9776 
277.459 
6974.08 
273.931 
280.565 
606.378 
1229.24 
2637.53 
67184 
16693.8 
3650 
2368.07 
2368.07 
3650 
16693.8 
67184 
2637.53 
1229.24 
606.378 
280.565 
273.931 
6974.08 
277.459 
87.9776 
352.226 
274.733 
816.781 
32115.8 
469.748 
60.389 
54.2624 
20.3004 
99.7328 
1433.73 
1157.78 
247.866 
24.0244 
15.9601 
32.8803 
51.8131 
57.698 
4.32365 
31.0676 
18.2057 
48.5493 
0.722235 
