1311 18 -10 -20 -20 -31 16 -24 -39 4 25 -21 -34 16 30 29 16 15 -44 -25 
-12 1876 40 27 9 -45 35 6 -43 -33 22 7 -36 42 -1 -6 24 18 13 -50 
29 -33 416 -23 10 -17 -5 -10 15 -38 8 21 39 46 -36 -31 5 -31 6 13 
28 23 37 -1395 37 37 -19 -14 34 -45 -46 -3 7 -14 -34 -14 -2 0 32 39 
-35 -4 -3 -12 -443 37 45 2 -44 -48 -26 -35 15 4 -10 3 44 -22 34 -20 
14 -8 37 13 49 -1617 25 29 -14 -27 31 20 14 46 -34 13 37 -47 -40 41 
12 -38 17 27 28 24 -1792 -33 33 18 47 17 0 -37 11 -13 26 11 14 -42 
-1 -10 39 -31 6 -12 37 -1780 -30 27 -8 -20 18 -46 45 38 -17 23 -36 1 
6 -16 -50 25 34 -36 -13 24 1620 -8 0 -12 0 1 -20 42 20 37 -20 -41 
9 -43 1 -9 -23 -42 -14 17 -9 -1584 -41 31 -6 -33 -35 -5 -5 2 -39 32 
-24 -45 34 -34 -42 -15 -3 -50 7 36 978 32 16 -5 -9 -33 36 18 -25 25 
38 -31 -14 19 13 4 -13 10 1 39 -27 433 35 17 -21 19 -15 39 -46 32 
39 -37 -30 21 29 15 -38 -2 -46 -18 -24 29 472 -30 -5 17 -8 -42 23 -19 
19 -26 22 -6 -41 -11 23 28 24 12 -16 -41 -47 -962 49 -21 -24 28 -3 40 
-23 -47 -27 -45 -16 45 0 -49 39 8 25 -30 29 49 545 42 -26 11 33 -1 
41 -40 14 -24 21 17 27 -50 44 6 49 34 -15 -48 9 -2730 -10 -14 -43 40 
40 46 -50 15 19 -18 -34 -37 6 27 47 7 19 9 -29 -3 491 -20 39 -26 
32 -15 -18 32 21 -31 -14 33 9 -25 40 -49 -35 -12 4 30 -43 -481 36 -2 
-29 -8 28 20 49 -3 -21 23 -4 -39 12 -28 43 -1 5 -23 -30 -24 -404 14 
-47 36 -9 43 -11 6 -18 43 38 41 29 -14 -38 23 -36 -16 -25 -37 -35 -2725 
