-1.00001 
-1.00032 
-1.00113 
-1.00241 
-1.00418 
-1.00642 
-1.00915 
-1.01235 
-1.01602 
-1.02015 
-1.02476 
-1.02982 
-1.03534 
-1.0413 
-1.04771 
-1.05456 
-1.06184 
-1.06954 
-1.07766 
-1.08619 
-1.09512 
-1.10444 
-1.11414 
-1.12422 
-1.13466 
-1.14545 
-1.15658 
-1.16805 
-1.17984 
-1.19194 
-1.20434 
-1.21702 
-1.22998 
-1.2432 
-1.25666 
-1.27036 
-1.28429 
-1.29842 
-1.31275 
-1.32726 
-1.34193 
-1.35676 
-1.37173 
-1.38682 
-1.40202 
-1.41732 
-1.43269 
-1.44814 
-1.46363 
-1.47915 
-1.4947 
-1.51025 
-1.52579 
-1.54131 
-1.55679 
-1.57221 
-1.58756 
-1.60283 
-1.61799 
-1.63305 
-1.64797 
-1.66276 
-1.67738 
-1.69183 
-1.7061 
-1.72017 
-1.73402 
-1.74765 
-1.76104 
-1.77418 
-1.78705 
-1.79964 
-1.81194 
-1.82394 
-1.83563 
-1.847 
-1.85802 
-1.86871 
-1.87903 
-1.88899 
-1.89857 
-1.90777 
-1.91657 
-1.92497 
-1.93295 
-1.94052 
-1.94767 
-1.95437 
-1.96064 
-1.96647 
-1.97184 
-1.97676 
-1.98121 
-1.9852 
-1.98872 
-1.99177 
-1.99434 
-1.99644 
-1.99805 
-1.99918 
